AO-07
1 07530U 74089B   22300.81093950 -.00000049  00000-0 -18014-4 0  9998
2 07530 101.9222 281.1727 0012262 146.9414 284.7055 12.53658090194299
UO-11
1 14781U 84021B   22300.42602771  .00000967  00000-0  12248-3 0  9994
2 14781  97.6319 281.9539 0006843 243.4366 116.6148 14.83913161 59619
AO-16
1 20439U 90005D   22300.40435103  .00000110  00000-0  57334-4 0  9997
2 20439  98.8609 279.9914 0011070 160.0355   3.1276 14.32949578711561
LO-19
1 20442U 90005G   22300.12964675  .00000120  00000-0  60294-4 0  9991
2 20442  98.8123 267.1116 0012416 138.3072 221.9060 14.33102733711968
HUBBLE
1 20580U 90037B   22300.54801972  .00002639  00000-0  14279-3 0  9993
2 20580  28.4715  13.2095 0002603  31.3629  65.8384 15.11126155586213
MET-2/21
1 22782U 93055A   22300.46900448  .00000021  00000-0  60672-5 0  9994
2 22782  82.5461 269.4476 0021862 340.6758 168.8200 13.83862904472269
AO-27
1 22825U 93061C   22300.80984038  .00000076  00000-0  47272-4 0  9994
2 22825  98.8748 334.5712 0008943  32.4914 327.6816 14.30203359517340
IO-26
1 22826U 93061D   22300.80090701  .00000091  00000-0  52618-4 0  9997
2 22826  98.8693 334.4338 0009233  19.1751 340.9777 14.30553140517583
FO-29
1 24278U 96046B   22300.42027577 -.00000004  00000-0  34341-4 0  9993
2 24278  98.5148 305.9422 0349426 300.9634  55.7606 13.53123005293453
NOAA-15
1 25338U 98030A   22300.80810163  .00000137  00000-0  75628-4 0  9998
2 25338  98.6334 328.5499 0009280 271.6938  88.3179 14.26187626272135
GO-32
1 25397U 98043D   22300.33639290  .00000060  00000-0  45884-4 0  9991
2 25397  98.8340 251.2409 0002368  87.1027 273.0422 14.23781757262192
ISS
1 25544U 98067A   22300.76448862  .00011267  00000-0  20888-3 0  9998
2 25544  51.6441  39.7919 0005932  11.0064 123.6531 15.49468146365746
NO-44
1 26931U 01043C   22300.36341243  .00000114  00000-0  75194-4 0  9998
2 26931  67.0508  77.9039 0005326 261.5545  98.4952 14.30751747100274
SO-50
1 27607U 02058C   22300.28705054  .00001043  00000-0  16231-3 0  9999
2 27607  64.5540 258.4102 0081584 269.3867  89.7887 14.76354994 67830
CO-55
1 27844U 03031E   22300.45339437  .00000260  00000-0  13582-3 0  9997
2 27844  98.6809 306.1646 0010958  81.0726 279.1692 14.22523457  2643
CO-57
1 27848U 03031J   22300.45785205  .00000205  00000-0  11244-3 0  9991
2 27848  98.6851 306.6589 0010864  94.0939 266.1481 14.22070521  2428
RS-22
1 27939U 03042A   22300.74790805  .00000832  00000-0  15531-3 0  9997
2 27939  98.2117  81.5946 0013294 146.4670 213.7375 14.67563666 20448
NOAA-18
1 28654U 05018A   22300.71491702  .00000216  00000-0  14009-3 0  9993
2 28654  98.9370  10.9692 0013496 320.5256  39.4931 14.12796714898743
CO-58
1 28895U 05043F   22300.31956548  .00001027  00000-0  20201-3 0  9990
2 28895  98.1251  69.8184 0017702  86.8771 273.4457 14.64597679906713
Falconsat-3
1 30776U 07006E   22300.53344852  .00090152  00000-0  80580-3 0  9998
2 30776  35.4267 108.2932 0004300 348.6641  11.3997 15.67118086870206
CO-65
1 32785U 08021C   22300.34166655  .00002220  00000-0  23491-3 0  9997
2 32785  97.6749 267.1611 0013292 149.6854 210.5135 14.90102025786122
AAUSAT2
1 32788U 08021F   22300.36542434  .00005906  00000-0  49564-3 0  9998
2 32788  97.5476 281.1866 0012714  49.8914 310.3422 14.98654582788189
DO-64
1 32789U 08021G   22300.03571538  .00011721  00000-0  59362-3 0  9999
2 32789  97.3298 321.7806 0008360 214.3816 145.6878 15.17111648791852
CO-66
1 32791U 08021J   22300.20794643  .00003668  00000-0  35372-3 0  9991
2 32791  97.6282 272.3922 0014499 108.1161 252.1639 14.93417417786853
RS-30
1 32953U 08025A   22300.45043222  .00000024  00000-0  10000-3 0  9996
2 32953  82.4983 101.8509 0019079 334.0202  25.9926 12.43114458654733
PRISM
1 33493U 09002B   22300.39531697  .00005332  00000-0  42032-3 0  9990
2 33493  98.2497 294.6744 0016790 101.0885 259.2227 15.01121721748767
NOAA-19
1 33591U 09005A   22300.66047645  .00000170  00000-0  11697-3 0  9995
2 33591  99.1347 337.4968 0014064 173.1050 187.0317 14.12628197707112
SRMSAT
1 37841U 11058D   22300.40990292  .00000412  00000-0  81321-4 0  9996
2 37841  19.9706 177.2740 0011781 354.3009 182.5793 14.10786427569899
HRBE
1 37855U 11061F   22300.45715929  .00008770  00000-0  36355-3 0  9993
2 37855 101.7193 129.8240 0146008  26.0054 334.8405 15.15116956601200
RS-40
1 38735U 12041C   22300.14000805  .00000010  00000-0 -20887-5 0  9991
2 38735  82.4801 183.4010 0018004  83.0437 277.2687 12.42587840464875
ZACUBE-1
1 39417U 13066B   22300.85561520  .00002908  00000-0  35563-3 0  9993
2 39417  97.6542 266.5211 0056410 332.1125  27.7069 14.82869496482748
Delfi-N3xt
1 39428U 13066N   22300.35677025  .00002040  00000-0  31648-3 0  9995
2 39428  97.8199 229.1131 0114808 215.3876 143.9675 14.69862393477907
GOMX-1
1 39430U 13066Q   22300.76468651  .00001904  00000-0  34473-3 0  9993
2 39430  97.7969 200.3437 0148590 348.2042  11.5695 14.60525196475605
LO-74
1 39440U 13066AA  22300.34009956  .00002077  00000-0  28368-3 0  9995
2 39440  97.7422 252.4790 0079725  64.0958 296.8444 14.77435780479759
AO-73
1 39444U 13066AE  22300.36745841  .00002894  00000-0  34433-3 0  9998
2 39444  97.6416 268.4824 0054779 320.9787  38.7481 14.84066097481088
SPROUT
1 39770U 14029E   22300.80172505  .00008190  00000-0  79748-3 0  9993
2 39770  97.9529  58.7879 0008426  11.3078 348.8322 14.92750002457391
DTUSAT-2
1 40030U 14033W   22300.52199167  .00002506  00000-0  26196-3 0  9995
2 40030  97.9446 233.8937 0011174 348.1123  11.9829 14.90548738453314
EO-80
1 40032U 14033Y   22300.49657145  .00003118  00000-0  32465-3 0  9994
2 40032  97.9451 233.8831 0011091 349.2715  10.8264 14.90526598453289
HODOYOSHI-1
1 40299U 14070B   22300.54208491  .00006318  00000-0  23136-3 0  9992
2 40299  97.2303   4.7801 0012640  35.3059  77.0739 15.28290499443225
FIREBIRD FU3
1 40377U 15003B   22300.52412478  .00026544  00000-0  69429-3 0  9994
2 40377  99.0787 195.1924 0088283 297.1107  62.1146 15.34777390428640
FIREBIRD FU4
1 40378U 15003C   22300.27999784  .00024370  00000-0  63622-3 0  9991
2 40378  99.0799 195.1365 0088165 297.4231  61.8059 15.34865449428601
GRIFEX
1 40379U 15003D   22300.19469823  .00013943  00000-0  45854-3 0  9990
2 40379  99.0899 179.3535 0108874 345.3223  14.4856 15.26070469427698
XW-2A
1 40903U 15049E   22300.86293987  .00032360  00000-0  39822-3 0  9995
2 40903  97.1623 359.9785 0007111 358.6456 114.3207 15.60155794399854
XW-2C
1 40906U 15049H   22300.87903993  .00006380  00000-0  29447-3 0  9999
2 40906  97.4966 303.3765 0011317 255.0575 189.3811 15.20519856393032
XW-2D
1 40907U 15049J   22300.83778347  .00007384  00000-0  33186-3 0  9999
2 40907  97.4956 303.4459 0010669 249.1784 195.0105 15.21387514393088
LILACSAT-2
1 40908U 15049K   22300.56634307  .00003485  00000-0  18150-3 0  9999
2 40908  97.5221 299.9447 0013197 281.3014 230.4505 15.16603453392505
XW-2E
1 40909U 15049L   22300.52412896  .00011995  00000-0  46677-3 0  9993
2 40909  97.4657 308.0015 0009714 223.4413 237.5217 15.26120515393537
XW-2F
1 40910U 15049M   22300.56365536  .00011856  00000-0  46891-3 0  9991
2 40910  97.4734 307.2072 0010247 227.3265 232.3870 15.25576778393308
XW-2B
1 40911U 15049N   22300.54709337  .00007477  00000-0  33733-3 0  9996
2 40911  97.4946 303.7105 0010417 251.5301 207.3038 15.21253347392926
DCBB
1 40912U 15049P   22300.54764307  .00013807  00000-0  49076-3 0  9996
2 40912  97.4350 311.5429 0011508 184.2902 274.7464 15.29059433393912
TW-1A
1 40928U 15051D   22300.52425037  .00103863  00000-0  66141-3 0  9992
2 40928  97.0241 323.0789 0003346 204.0669 260.3599 15.76119673398902
IO-86
1 40931U 15052B   22300.47600076  .00001058  00000-0  57696-4 0  9998
2 40931   5.9967 307.2408 0013122 243.1060 116.7750 14.76898263382895
AO-85
1 40967U 15058D   22299.27525007  .00003598  00000-0  39944-3 0  5226
2 40967  64.7752  33.7531 0177402 157.1695 203.7426 14.78028568 79993
ATHENOXAT-1
1 41168U 15077C   22300.37245383  .00020096  00000-0  74903-3 0  9995
2 41168  14.9808 190.2790 0009191 299.2638 208.2188 15.24897869380446
ChubuSat-2
1 41338U 16012B   22300.28389684  .00002470  00000-0  17785-3 0  9998
2 41338  31.0031 264.2240 0012849  20.5578 339.5573 15.01897081367315
ChubuSat-3
1 41339U 16012C   22300.63596009  .00002396  00000-0  17223-3 0  9993
2 41339  31.0116 258.8903 0012721  30.5096 144.6354 15.01935447367366
Horyu-4
1 41340U 16012D   22300.53779625  .00004341  00000-0  29849-3 0  9990
2 41340  31.0041 235.1154 0012369  76.0971 284.1041 15.04206717367622
e-st@r-II
1 41459U 16025D   22300.46699045  .00019865  00000-0  79483-3 0  9990
2 41459  98.1954 115.7754 0137456 180.1693 179.9470 15.16750368357481
AAUSAT4
1 41460U 16025E   22300.45525685  .00031516  00000-0  10542-2 0  9996
2 41460  98.1814 123.3207 0111897 151.5811 232.6886 15.25012059358017
LO-87
1 41557U 16033B   22300.41253090  .00018123  00000-0  48083-3 0  9997
2 41557  97.3910  38.6313 0009276 263.8140 160.6474 15.38318008357645
NuSat2
1 41558U 16033C   22300.80789566  .00017644  00000-0  44011-3 0  9997
2 41558  97.4139  45.4900 0008938 248.3070 229.1451 15.40221088357990
Lapan A3
1 41603U 16040E   22300.88441939  .00001632  00000-0  76304-4 0  9994
2 41603  97.1942 332.0809 0014601  59.1008  42.6765 15.21044182352163
Pratham
1 41783U 16059A   22300.39034406  .00000441  00000-0  93224-4 0  9993
2 41783  97.8996 336.5765 0034626 116.1741 244.3029 14.63475769324926
TY-1
1 41844U 16066D   22300.51083304  .00016131  00000-0  49218-3 0  9990
2 41844  97.3866 312.1875 0012106 168.0286 343.9189 15.33936700331821
CAS-2T
1 41847U 16066G   22300.76191018  .00001339  00000-0  20933-3 0  9999
2 41847  98.5365   5.2134 0363168 173.8531 186.7299 14.38829812313377
EO-88
1 42017U 17008BX  22300.17346543  .00022317  00000-0  57063-3 0  9999
2 42017  97.2536   4.6390 0005501 127.0064 233.1686 15.39437186317301
CAS-4B
1 42759U 17034B   22300.54662933  .00004731  00000-0  27594-3 0  9992
2 42759  43.0188 324.1273 0008833  36.1824 100.8421 15.12953270296357
CAS-4A
1 42761U 17034D   22300.57593579  .00004831  00000-0  28080-3 0  9999
2 42761  43.0187 322.6546 0009642  37.5108 105.2444 15.13043185296365
NIUSat
1 42766U 17036B   22300.34232330  .00009143  00000-0  32960-3 0  9999
2 42766  97.1885 333.5424 0011945 210.5861 149.4684 15.28689011296938
Aalto 1
1 42775U 17036L   22300.33023403  .00007588  00000-0  28422-3 0  9996
2 42775  97.1839 333.1939 0010967 210.4173 149.6432 15.27496671296897
URSA MAIOR
1 42776U 17036M   22300.32136981  .00008600  00000-0  31451-3 0  9994
2 42776  97.1850 334.0608 0010678 208.4036 151.6623 15.28246304296935
Max Valier Sat
1 42778U 17036P   22300.35020941  .00009731  00000-0  34477-3 0  9994
2 42778  97.1905 336.9908 0009362 207.2938 152.7812 15.29266790297045
Pegasus
1 42784U 17036V   22300.34323326  .00012597  00000-0  41073-3 0  9997
2 42784  97.1840 338.1365 0008659 205.4995 154.5821 15.31900663297184
NUDATSat
1 42787U 17036Y   22300.93747116  .00029001  00000-0  74197-3 0  9993
2 42787  97.1859 343.9857 0007113 189.8641 170.2465 15.39355991297437
SUCHAI 1
1 42788U 17036Z   22298.85651513  .00014661  00000-0  44150-3 0  9998
2 42788  97.1848 338.7324 0007925 203.2038 156.8849 15.34409004297154
SKCUBE
1 42789U 17036AA  22300.36629021  .00014481  00000-0  45165-3 0  9995
2 42789  97.1840 339.4896 0008185 199.4961 160.5970 15.33296373297260
VZLUSAT 1
1 42790U 17036AB  22300.37696271  .00024412  00000-0  63210-3 0  9995
2 42790  97.1857 343.3700 0007298 185.9186 174.1975 15.39021371297492
VENTA 1
1 42791U 17036AC  22300.07165105  .00011357  00000-0  36653-3 0  9995
2 42791  97.1848 338.9526 0007934 201.8840 158.2064 15.32260773297194
Robusta 1B
1 42792U 17036AD  22300.33298862  .00016421  00000-0  49884-3 0  9999
2 42792  97.1838 340.1389 0007672 197.7514 162.3463 15.34109658297315
D-SAT
1 42794U 17036AF  22300.45402303  .00003352  00000-0  28213-3 0  9993
2 42794  97.4558 298.9733 0121812   3.8908 356.3230 14.93259753291170
TechnoSat
1 42829U 17042E   22300.40419546  .00001498  00000-0  15195-3 0  9995
2 42829  97.4049 146.7691 0012467 288.5156  71.4709 14.92197193287763
AO-91
1 43017U 17073E   22300.24911750  .00003350  00000-0  24938-3 0  9999
2 43017  97.6558 189.0031 0246805 115.7202 246.9714 14.82363577266634
PICSAT
1 43132U 18004X   22300.47524172  .00016296  00000-0  47841-3 0  9996
2 43132  97.3615  16.3556 0006239 239.8209 120.2417 15.35206819266635
AO-92
1 43137U 18004AC  22300.16058614  .00012424  00000-0  40234-3 0  9998
2 43137  97.3576  14.2629 0006090 248.9797 111.0794 15.32149617266491
TianYi 2
1 43155U 18008A   22300.57205610  .00008820  00000-0  44501-3 0  9993
2 43155  97.3382 354.7568 0016802  48.9035  88.6114 15.17228052263299
Zhou Enlai
1 43156U 18008B   22300.53747161  .00009618  00000-0  48740-3 0  9997
2 43156  97.3419 354.6418 0013789  49.9494  85.4424 15.17089485263211
TianYi 6
1 43158U 18008D   22300.40017455  .00007920  00000-0  41733-3 0  9990
2 43158  97.3383 352.2034 0013625  52.4370 320.1072 15.15774593263084
S-Net D
1 43186U 18014G   22300.47628194  .00002413  00000-0  20691-3 0  9995
2 43186  97.6453 203.6360 0009935 204.5614 155.5136 14.98410606258680
S-Net B
1 43187U 18014H   22300.54338554  .00002451  00000-0  21012-3 0  9992
2 43187  97.6449 203.6469 0009946 203.9970 156.0791 14.98408283258698
S-Net A
1 43188U 18014J   22300.47691541  .00002444  00000-0  20955-3 0  9990
2 43188  97.6454 203.6529 0009905 204.3981 155.6774 14.98408204258682
S-Net C
1 43189U 18014K   22300.27754335  .00002392  00000-0  20516-3 0  9995
2 43189  97.6449 203.3731 0009858 204.6813 155.3939 14.98403664257205
FMN 1
1 43192U 18015A   22300.56319350  .00049665  00000-0  97056-3 0  9993
2 43192  97.5488  90.0765 0010940 273.5275 152.0843 15.47241066263802
Shaonian Xing
1 43199U 18015H   22300.53102660  .00024223  00000-0  62464-3 0  9999
2 43199  97.5297  83.7321 0011592 287.9098 136.7270 15.39112207263729
SurfSat
1 43614U 18070B   22300.49453326  .00076054  00000-0  67313-3 0  9992
2 43614  93.0074 155.1228 0006446 183.0411 177.0821 15.68366321231659
CP-7 DAVE
1 43615U 18070C   22300.85356641  .00071800  00000-0  71646-3 0  9993
2 43615  93.0067 154.9532 0006943 189.4932 170.6206 15.65388361231658
CubeBel-1
1 43666U 18083E   22300.87199259  .00011094  00000-0  43733-3 0  9990
2 43666  97.4115 328.1854 0011205 218.6789 244.8449 15.25690748221653
Changshagaoxin
1 43669U 18083H   22300.99135231  .00010194  00000-0  42363-3 0  9994
2 43669  97.4076 323.8716 0007956 215.7237 231.5669 15.23970199221471
Ten-Koh
1 43677U 18084G   22300.79866147  .00001864  00000-0  19180-3 0  9994
2 43677  97.9832  72.2224 0015399 191.1014 168.9867 14.91476719217408
PO-101
1 43678U 18084H   22300.47701455  .00001441  00000-0  14636-3 0  9992
2 43678  97.9898  75.4556 0009270 202.6648 157.4190 14.92420999217543
IRVINE 01
1 43693U 18088D   22300.21907240  .00081049  00000-0  13901-2 0  9990
2 43693  85.0276 220.8348 0007674  24.8050 335.3575 15.50861630220533
QO-100
1 43700U 18090A   22300.52422870  .00000156  00000-0  00000-0 0  9991
2 43700   0.0116 220.8059 0001042 356.4614  33.1150  1.00272280 14354
Reaktor Hello World
1 43743U 18096AA  22300.17328025  .00016232  00000-0  44128-3 0  9996
2 43743  97.3441  19.6977 0012701 308.4888  51.5216 15.37548215218170
MinXSS-2
1 43758U 18099A   22300.40014863  .00003985  00000-0  34027-3 0  9991
2 43758  97.6104   5.0982 0015207 174.6094 185.5295 14.98154149212855
AO-95
1 43770U 18099N   22300.42736493  .00002150  00000-0  19102-3 0  9997
2 43770  97.6063   3.3009 0013703 188.5660 171.5330 14.97099662212757
RANGE-B
1 43772U 18099Q   22300.82722466  .00003369  00000-0  29022-3 0  9993
2 43772  97.6188   5.6984 0013339 172.9519 187.1894 14.97934638212848
RANGE-A
1 43773U 18099R   22300.39194350  .00002687  00000-0  24097-3 0  9990
2 43773  97.5987   1.9230 0013439 173.2939 186.8466 14.96516998212721
MOVE-II
1 43780U 18099Y   22300.59127605  .00005419  00000-0  45299-3 0  9992
2 43780  97.6096   4.9424 0013218 179.0603 181.0647 14.98844989212843
SNUSat 2
1 43782U 18099AA  22300.46154687  .00003294  00000-0  28912-3 0  9992
2 43782  97.6067   3.8287 0012663 170.4412 189.7053 14.97221067212788
SnugLite
1 43784U 18099AC  22300.47803534  .00002780  00000-0  24290-3 0  9991
2 43784  97.6040   3.4705 0014308 178.8228 181.3031 14.97506137212819
ITASat 1
1 43786U 18099AE  22300.41117949  .00002524  00000-0  22298-3 0  9997
2 43786  97.6104   4.2699 0014560 178.8309 181.2949 14.97162902212795
EAGLET 1
1 43790U 18099AJ  22300.42862598  .00001197  00000-0  10818-3 0  9990
2 43790  97.6088   4.8319 0012709 183.6197 176.4935 14.97225096212535
ESEO
1 43792U 18099AL  22300.15271293  .00000812  00000-0  76421-4 0  9994
2 43792  97.6041   3.5730 0012858 181.4747 178.6439 14.96479127212528
CSIM
1 43793U 18099AM  22300.77209988  .00004638  00000-0  38198-3 0  9993
2 43793  97.6104   6.1626 0012538 179.1634 180.9613 14.99499579212702
Astrocast 0.1
1 43798U 18099AS  22300.18945913  .00003682  00000-0  31179-3 0  9998
2 43798  97.6092   5.2912 0012827 161.0186 199.1517 14.98547038212836
JO-97
1 43803U 18099AX  22300.44659915  .00003053  00000-0  26430-3 0  9994
2 43803  97.6045   4.1068 0014764 180.0544 180.0680 14.97799109212828
Suomi 100
1 43804U 18099AY  22300.40761653  .00003344  00000-0  28996-3 0  9996
2 43804  97.6063   3.9611 0014545 177.2616 182.8689 14.97672531212823
Al Farabi 2
1 43805U 18099AZ  22300.60459521  .00004885  00000-0  41283-3 0  9992
2 43805  97.6081   4.8029 0014701 175.2006 184.9362 14.98453651212880
CHOMPTT
1 43855U 18104G   22300.09571307  .00008437  00000-0  28969-3 0  9997
2 43855  85.0319 323.2625 0017071 107.5405 252.7708 15.29814201214836
ISAT
1 43879U 18111D   22300.49219863  .00004256  00000-0  35714-3 0  9992
2 43879  97.6550 203.6855 0009941 228.8360 131.2006 14.98845596209447
UWE-4
1 43880U 18111E   22300.48334509  .00003982  00000-0  33361-3 0  9999
2 43880  97.6563 204.4583 0009829 227.2311 132.8086 14.98942593209477
Sparrow
1 43881U 18111F   22300.55225288  .00004268  00000-0  35531-3 0  9990
2 43881  97.6576 204.8078 0009792 222.7370 137.3093 14.99152712209496
Lume 1
1 43908U 18111AJ  22300.49048511  .00012797  00000-0  40025-3 0  9995
2 43908  97.1698 184.2032 0016061 329.2660  30.7641 15.33138799213600
FO-99
1 43937U 19003F   22300.03095105  .00015106  00000-0  45603-3 0  9993
2 43937  97.1182 328.4461 0020169  47.4560 312.8382 15.34149551210129
MYSat 1
1 44045U 18092F   22300.67789639  .00144174  00000-0  97984-3 0  9990
2 44045  51.6224 125.9848 0010406 240.6159 119.3801 15.73895771208538
AstroCast 0.2
1 44083U 19018F   22300.11292284  .00010701  00000-0  36845-3 0  9992
2 44083  97.3059 356.6011 0009282  25.9653 334.2052 15.30179149198598
AISTechSat 3
1 44103U 19018AB  22300.39731501  .00010142  00000-0  35133-3 0  9993
2 44103  97.2922 357.1056 0012007  34.4923 325.7094 15.29967162198801
AISat 1
1 44104U 19018AC  22300.51738379  .00009159  00000-0  23998-3 0  9990
2 44104  97.3895  24.2801 0049971  21.3199 339.0113 15.37624465199875
Prox-1
1 44339U 19036A   22300.72893049  .00004304  00000-0  91317-3 0  9996
2 44339  24.0006  77.9614 0009972 228.0375 131.9267 14.55912128177737
Oculus-ASR
1 44348U 19036K   22300.45228010  .00086520 -45843-5  58198-3 0  9996
2 44348  28.4980 351.1973 0180167  10.5489 349.8825 15.54576982184964
NO-104
1 44354U 19036R   22300.42823420  .00097938 -39364-5  60075-3 0  9999
2 44354  28.5214 333.1184 0168596  36.0238 325.1599 15.58455071185148
Move-IIb
1 44398U 19038N   22300.54995005  .00016943  00000-0  73809-3 0  9996
2 44398  97.6412 271.4759 0021174  38.0950 322.1762 15.22072859183101
SONATE
1 44400U 19038Q   22300.60490677  .00006358  00000-0  33273-3 0  9992
2 44400  97.6561 269.9105 0024415  41.1232 319.1828 15.15938544182940
BeeSat 9
1 44412U 19038AC  22300.37127403  .00010591  00000-0  50433-3 0  9994
2 44412  97.6521 270.9074 0021048  43.7928 316.4971 15.19135336182700
JAISAT-1
1 44419U 19038F   22300.64525389  .00010859  00000-0  51030-3 0  9997
2 44419  97.6526 272.1239 0019922  40.5041 319.7672 15.19607958183112
LightSail-2
1 44420U 19036AC  22299.36681925  .00209783  00000-0  11516-1 0  9991
2 44420  23.9940 339.2726 0017135 115.9533 244.2738 15.11941291176748
Taurus 1
1 44530U 19059C   22300.67489694  .00002592  00000-0  71471-3 0  9991
2 44530  98.5502  40.5193 0014160  82.9757 277.3048 14.47639397164970
Duchifat 3
1 44854U 19089C   22300.46220063  .00005119  00000-0  38813-3 0  9994
2 44854  36.9663  37.2604 0007507 221.0228 232.7872 15.02060757157780
OPS-SAT
1 44878U 19092F   22300.48949584  .00010681  00000-0  46271-3 0  9999
2 44878  97.4790 123.5279 0010860 237.2617 122.7573 15.22524267158266
TO-108
1 44881U 19093C   22300.39105331  .00000702  00000-0  95178-4 0  9992
2 44881  97.8844  17.6552 0016167 114.5294 245.7619 14.81889758154317
FloripaSat 1
1 44885U 19093G   22300.76096976  .00002444  00000-0  30192-3 0  9990
2 44885  97.8894  19.6846 0015431 119.1149 241.1613 14.83653904154461
RS-44
1 44909U 19096E   22300.31898008  .00000024  00000-0  49649-4 0  9997
2 44909  82.5189 142.6913 0217680  11.6855 348.9183 12.79716253132372
BY70-2
1 45857U 20042B   22300.41760879  .00008446  00000-0  10799-2 0  9996
2 45857  97.9474  16.0819 0010442  54.2314 305.9841 14.81589849124987
UPMSat 2
1 46276U 20061E   22300.15492661  .00004140  00000-0  19969-3 0  9991
2 46276  97.3786   7.9586 0002894  83.0112 277.1452 15.19232064118865
AmicalSat
1 46287U 20061R   22300.13249637  .00005984  00000-0  33245-3 0  9994
2 46287  97.4333   6.7364 0002942 154.0741 206.0639 15.14069526118389
SALSAT
1 46495U 20068K   22300.35916533  .00002138  00000-0  15418-3 0  9992
2 46495  97.7418 241.8131 0015975 183.2180 176.8946 15.05145695114026
BY70-3
1 46839U 20079N   22300.46388395  .00036660  00000-0  67874-3 0  9997
2 46839  97.1858  11.2523 0005003 198.5715 291.9321 15.48915561110620
CAPE 3
1 47309U 21002A   22300.51982814  .00014144  00000-0  51908-3 0  9993
2 47309  60.6829 226.9215 0040665  60.9138 299.6013 15.27483604 98604
AO-109
1 47311U 21002C   22300.07977287  .00011128  00000-0  41044-3 0  9994
2 47311  60.6848 226.0092 0036860  60.1718 300.3027 15.27656615 98553
MiTEE 1
1 47314U 21002F   22300.33554125  .00027540  00000-0  78361-3 0  9995
2 47314  60.6805 213.8867 0033567  54.9508 305.4726 15.35484025 98805
ExoCube 2
1 47319U 21002L   22300.37954828  .00010937  00000-0  40898-3 0  9994
2 47319  60.6835 226.2601 0038017  61.4078 299.0828 15.27179292 98547
UVSQ-SAT
1 47438U 21006AB  22300.38953600  .00006855  00000-0  34655-3 0  9996
2 47438  97.4211 356.7040 0011837 169.8092 190.3384 15.17309516 97273
YUSAT 1
1 47439U 21006AC  22300.44299300  .00008705  00000-0  42989-3 0  9999
2 47439  97.4221 356.9745 0011494 169.2405 190.9077 15.18053442 97292
SOMP 2b
1 47445U 21006AJ  22300.15579872  .00005547  00000-0  28471-3 0  9990
2 47445  97.4189 356.0218 0011390 174.3899 185.7464 15.16868248 97228
IDEASSat
1 47458U 21006AX  22300.15199204  .00005762  00000-0  29707-3 0  9993
2 47458  97.4277 356.6357 0010668 172.3517 187.7881 15.16698324 97212
CubeSX-Sirius-HSE
1 47951U 21022V   22300.48911293  .00004991  00000-0  32157-3 0  9991
2 47951  97.5146 197.2077 0022656  56.4166  47.9395 15.08570803 87898
CubeSX-HSE
1 47952U 21022W   22300.48441310  .00005834  00000-0  37456-3 0  9994
2 47952  97.5148 197.2322 0022249  56.5591 118.2357 15.08635791 87893
KSU-Cubesat
1 47954U 21022Y   22300.45898029  .00005731  00000-0  36479-3 0  9996
2 47954  97.5156 197.3694 0021876  56.2562 304.0747 15.08966926 87623
GRBAlpha
1 47959U 21022AD  22300.85759819  .00005926  00000-0  37997-3 0  9990
2 47959  97.5160 197.6483 0022058  56.4211   7.9605 15.08678676 86777
Orbicraft-Zorkiy
1 47960U 21022AE  22300.89549080  .00005559  00000-0  35447-3 0  9993
2 47960  97.5164 197.8836 0022090  54.4545  77.2593 15.08909423 87472
STECCO
1 47962U 21022AG  22300.90579042  .00009109  00000-0  53984-3 0  9999
2 47962  97.5149 198.9537 0017055  49.1835  14.0728 15.11486564 86866
DO-111
1 47963U 21022AH  22300.28075242  .00022336  00000-0  10912-2 0  9994
2 47963  97.5179 200.3627 0017721  44.5362 315.7292 15.18122690 86919
MO-110
1 47964U 21022AJ  22300.24178688  .00007690  00000-0  45061-3 0  9999
2 47964  97.5154 198.6494 0019648  47.9484 312.3415 15.11908216 86780
FEES
1 48082U 21022AL  22300.23587570  .00010815  00000-0  61153-3 0  9997
2 48082  97.5162 198.7298 0015924  46.0930 314.1613 15.13145956 86497
TUBIN
1 48900U 21059X   22300.86221260  .00004802  00000-0  26079-3 0  9993
2 48900  97.5715  69.3194 0010371  13.1952 103.3622 15.14960230 73954
IT-SPINS
1 49017U 21013G   22299.80694430  .00010961  00000-0  39238-3 0  9991
2 49017  51.5949 129.9757 0008750 190.0507 170.0299 15.29234723 73868
LEDSAT
1 49069U 21073D   22300.19806417  .00004438  00000-0  27700-3 0  9992
2 49069  97.5127  10.4733 0026060 199.8196 160.2023 15.09732474 65700
CUTE
1 49263U 21088D   22300.43264559  .00003692  00000-0  26935-3 0  9996
2 49263  97.5757   5.7069 0018716 340.8040  19.2478 15.04181688 59259
TeikyoSat 4
1 49396U 21102B   22300.30542203  .00002044  00000-0  16421-3 0  9990
2 49396  97.5344 354.2280 0016001 165.9611 194.2062 15.01029797 52828
Z-Sat
1 49399U 21102E   22300.53771736  .00001332  00000-0  10277-3 0  9995
2 49399  97.5213 355.6246 0024184 137.1665 223.1450 15.03024652 52925
KOSEN 1
1 49402U 21102H   22300.10401236  .00002816  00000-0  20586-3 0  9990
2 49402  97.5143 355.4176 0023007 131.4388 228.8819 15.04208549 52891
HO-113
1 50466U 21131B   22300.53698061  .00000256  00000-0  98251-4 0  9996
2 50466  98.5720  17.6719 0005685 114.2426 245.9356 14.38557473 43906
Tevel
1 50999U 22002R   22300.42976671  .00009398  00000-0  48026-3 0  9999
2 50999  97.4671   5.4260 0010086 327.1433 162.9709 15.16845869 43412
Grizu-263a
1 51025U 22002AT  22300.41465759  .00016271  00000-0  74549-3 0  9996
2 51025  97.4842   6.8072 0010821 328.1222  31.9357 15.20502925 43460
NO-116
1 51031U 22002AZ  22300.17021059  .00010375  00000-0  50490-3 0  9995
2 51031  97.4796   6.0439 0011388 331.0470  29.0131 15.18520240 43400
IRIS-A
1 51044U 22002BN  22300.46030565  .00005075  00000-0  27827-3 0  9992
2 51044  97.4681   4.9419 0008251 337.0262  23.0600 15.14597300 43381
DELFI-PQ
1 51074U 22002CU  22300.41639334  .00012804  00000-0  59090-3 0  9994
2 51074  97.4924   7.4179 0012506   0.2292 359.8946 15.20291326 43485
SO-115
1 51080U 22002DA  22300.15650208  .00008314  00000-0  40321-3 0  9993
2 51080  97.4939   6.8958 0012663   2.9218 357.2088 15.18691547 43426
SO-114
1 51081U 22002DB  22300.15675716  .00008441  00000-0  40920-3 0  9991
2 51081  97.4929   6.8646 0012947   2.6880 357.4422 15.18699276 43428
OreSat0
1 52017U 22026K   22300.45539398  .00006776  00000-0  34494-3 0  9993
2 52017  97.5083 298.7807 0026535 171.7618 188.4056 15.16829578 34182
Planetum 1
1 52738U 22057G   22300.82870638  .00007008  00000-0  39502-3 0  9997
2 52738  97.5242  53.4979 0009098  77.9759 282.2491 15.13469655 23449
Foresail-1
1 52766U 22057AL  22300.78904336  .00005883  00000-0  32268-3 0  9997
2 52766  97.5332  53.9490 0014456  59.3646  46.3951 15.14464014 23452
SNUGLITE 2
1 52899U 22065F   22300.64222931  .00000815  00000-0  18492-3 0  9995
2 52899  98.0369  87.5636 0007358 216.1181 143.9523 14.58507635 16961
CTIM
1 52950U 22074G   22300.08550383  .00015808  00000-0  60542-3 0  9997
2 52950  45.0273 203.0034 0005081 207.0106 153.0514 15.26425653 17822
GREENCUBE
1 53106U 22080B   22298.18718393 -.00000003  00000-0  00000 0 0  9993
2 53106  70.1729  41.3590 0008824 235.4588 124.5239  6.42557505  6654
AstroBioCubeSat
1 53107U 22080C   22293.89826828 -.00000003  00000-0  00000-0 0  9991
2 53107  70.1645  42.9118 0012717 230.7145 129.2434  6.42110897  6285
CELESTA
1 53111U 22080G   22255.16019017 -.00000003  00000-0  00000 0 0  9997
2 53111  70.1086  56.1818 0009300 227.1361 132.8517  6.42544045  3765
RS4S
1 53306U 98067TR  22300.47987319  .00079342  00000-0  92745-3 0  9997
2 53306  51.6400  38.1858 0006672 354.5291   5.5628 15.60861457 15227
RS3S
1 53308U 98067TT  22300.54707806  .00078099  00000-0  92091-3 0  9990
2 53308  51.6397  37.8813 0006609 352.2994   7.7897 15.60641404 15293
RS1S
1 53309U 98067TU  22300.53794242  .00078114  00000-0  90704-3 0  9997
2 53309  51.6393  37.8165 0006782 358.5133   1.5839 15.61040376 15241
RS5S
1 53310U 98067TV  22300.54623174  .00077618  00000-0  91464-3 0  9997
2 53310  51.6397  37.8759 0006361 357.7884   2.3080 15.60662821 15277
RS6S
1 53311U 98067TW  22300.52704963  .00079361  00000-0  91136-3 0  9995
2 53311  51.6392  37.7426 0006907 347.5183  12.5639 15.61320443 15295
RS9S
1 53312U 98067TX  22300.47211773  .00077555  00000-0  90107-3 0  9992
2 53312  51.6401  38.1307 0006819   0.6798 359.4204 15.61028199 15228
RS12S
1 53313U 98067TY  22300.53420547  .00079495  00000-0  92476-3 0  9997
2 53313  51.6401  37.7958 0006287 359.3908   0.7077 15.60989040 15282
JAGSAT
1 53771U 98067UJ  22300.40060202  .00085582  00000-0  10710-2 0  9993
2 53771  51.6406  39.9043 0006410  16.9983 343.1223 15.59041653  7949
SelfieSat
1 53951U 22057BA  22300.58672238  .00008022  00000-0  44833-3 0  9994
2 53951  97.5297  53.4597 0011434  71.5947 288.6526 15.13706203 23418
